-1.27420357688
-0.704746175634
-1.27420357688
-0.703951417737
-0.703965967086
-0.914298095362
-0.560232895667
-0.709761336079
-0.702511813812
-0.720127425912
-0.703965605406
-0.706106271274
-1.27420357688
-1.27420357688
-1.27420357688
-0.703965605406
-0.725810451804
-0.685886492452
-1.27420357688
-0.703965605401
-1.27420357688
-1.27420357688
1.00035273029
-0.783861126881
-0.797592941974
-0.703965623456
-0.703965967086
-0.685886492452
-0.706134001927
-1.27420357688
-0.783861126881
1.00007821245
-0.729946263437
-1.27420357688
-1.27420357688
-1.27420357688
-0.703965605406
-0.703965605665
-1.27420357688
-1.21592826566
-0.997434874071
-1.01974502122
-1.02092352607
-0.703969364604
-1.23954074255
-1.15760109017
-1.1767109199
-1.02569348419
-1.21016443321
-1.14497445443
-0.703965605406
-0.980462511412
-1.04101905591
-1.14538904776
-1.17580111935
-0.703965605406
-1.26802260097
-1.2560123932
-0.814502828902
-1.17433408246
-1.22778214474
-1.1767109199
-1.02569348419
-0.704144112604
-1.14538904776
-1.09836269329
-1.07291390119
-1.01248977095
-1.02902766013
-1.21234829031
-1.21959398252
-1.12787646206
-1.24464495728
-1.12893496206
-1.0481465929
-1.26877194378
-1.2560123932
-1.25795742365
-1.16300340918
-1.2644255142
-0.839002707692
-0.703965605406
-0.703965605407
-1.0621371498
-0.703965601772
-0.70396560541
-0.703965605406
-0.946171777903
-1.16753376976
-1.27442825681
-0.703965599801
-0.703965605406
-0.703965605406
-0.703965605406
-0.645210026174
-0.704514886143
-0.703965632346
-0.705344941324
-0.703965605406
-0.703965363296
-0.703965605406
-0.714775068819
-1.01532496153
-0.703979179907
-0.703965605406
-0.77180391624
-0.703059304424
-0.718251434547
-0.703965605544
-0.866846935634
-0.703965605406
-0.703965605406
-0.857691346024
-0.703965635368
-0.703965605406
-0.706247777558
-0.840238269909
-0.703965605406
-0.745848818385
-0.703965605406
-0.703965605406
-0.703965605952
-0.730089710045
-1.27420357688
-0.703965605406
-0.703965605406
-0.704471299039
-1.18242235636
-1.09158385475
-1.07366108431
-0.70396987253
-0.749077731009
-0.703965605406
-1.2064368347
-0.797045327075
-1.20759765196
-0.781972150034
-0.765950569056
-0.846781650065
-1.0860747253
-1.05628265841
-0.81184211739
-0.703965609089
-0.850274672525
-0.880220476874
-0.703965605687
-0.925080190206
-0.718754035302
-0.718754035302
-1.13846486064
-1.15381563116
-1.14655781493
-0.963378433328
-0.702828220245
-0.992858505442
-0.717182773098
-0.703964922388
-0.747492775863
-0.892505036079
-1.19375049853
-0.725453530437
-0.593407984731
-0.732596476451
-0.704836685235
-0.708673412123
-0.703965605406
-0.704017848298
-1.10657660712
-0.703965605406
-0.704982886022
-0.703965605406
-0.705967853263
-0.56300474333
-0.716963883883
-0.704021614526
-0.819974706784
-0.703966050482
-0.705522944211
-0.704034120278
-0.703965605464
-0.857258408315
-0.895637863928
-0.710972207148
-1.17695847323
-0.967049061269
-0.795373748219
-1.08251798063
-0.703965602896
-0.713651135917
-0.703965605406
-1.00065752488
-0.948334220835
-0.709613713921
-0.929832272222
-0.703965570574
-0.709145605104
-0.703965605406
-1.00310686378
-0.725224989089
-1.1623657885
-0.703972963354
-0.967081141939
-0.873643181783
-1.1734973355
-0.703965605529
-0.774589461663
-0.703966549936
-0.719917303809
-1.0251921404
-1.19620983857
-1.2609771255
-1.06952805603
-0.705789426323
-0.715896234394
-0.803480906095
-0.723179477033
-0.704491754259
-0.703965719296
-1.16282379977
-0.805649098291
-0.710626756997
-0.703965605406
-0.711083657225
-0.779729045331
-1.20238012065
-0.703458896413
-1.14842926706
-0.703965605406
-0.703965698875
-0.846659797919
-0.70923825113
-0.800217072967
-0.703809878387
-0.577247797576
