-0.970248450219
-0.928670076919
-0.970248450219
-0.973517432072
-0.546373229815
-0.970709632268
-0.972748229072
-0.870576536062
-0.970248450219
-0.940839030785
-0.16532514299
-0.970248450219
-0.970248450219
-0.970248450219
-0.970248450219
-0.910468261629
-0.970248450219
-0.878239865012
-0.970248450219
-0.970248450219
-0.970248450219
-0.970248450219
-0.971430323178
-0.994231673317
-0.978878166811
-1.04795311596
-0.55675194841
-0.864154668838
-0.857501097269
-0.970248450219
-0.99268549919
-0.970248450219
-0.896057179162
-0.970248450219
-0.970248450219
-0.970248450219
-1.01318024941
-0.829563079028
-0.970248450219
-0.970248450219
-0.970248450219
-0.978128171693
-0.978128171693
-0.970248450219
-0.970248450219
-0.970248450219
-1.0022154296
-0.970248450219
-0.970248450219
-0.994448786486
-0.970248450219
-0.986523433762
-0.970248450219
-0.970248450219
-0.970248450219
-0.970248450219
-0.970248450219
-0.970248450219
-0.970248450219
-0.970248450219
-0.970248450219
-1.0022154296
-0.970248450219
-0.994448786486
-0.970248450219
-0.970402823239
-0.970248450219
-0.970248450219
-0.970248450219
-0.970248450219
-0.970248450219
-0.978128171693
-0.970248450219
-0.985271690808
-0.976797465864
-0.970248450219
-0.970248450219
-0.970248450219
-0.970248450219
-0.969216407382
-0.955756569129
-0.970248450219
-0.968162318337
-0.970248450219
-0.9851179546
-0.947534323201
-0.970248450219
-0.970248450219
-0.966245691753
-0.995205038128
-0.644128568916
-0.951600274194
-0.973853811126
-0.97154453091
-0.899562664
-0.83523031781
-0.729669982903
-0.970248450219
-0.63859007761
-0.981194242864
-0.968162318337
-0.978128171693
-0.970402823239
-0.616994146489
-0.974486704556
-0.970248450219
-0.869190861089
-0.970248450219
-0.964015532405
-0.970248450219
-0.954126434556
-0.970248450219
-0.970248450219
-0.985193133453
-0.986523433762
-0.64635397663
-0.970248450219
-0.986523433762
-0.978128171693
-0.62936886989
-0.28798055983
-0.964741739934
-0.982793964861
-0.970248450219
-0.638435113746
-0.961681792917
-0.970248450219
-1.0022154296
-0.970248450219
-0.978128171693
-0.839358389539
-0.963230909157
-0.970248450219
-0.970248450219
-0.970248450219
-0.978128171693
-0.970248450219
-0.970248450219
-0.970248450219
-0.970248450219
-0.826292351523
-0.970248450219
-0.317234202379
-1.06818860754
-0.906966121229
-0.970248450219
-0.853453945981
-0.940375855446
-0.970248450219
-0.970248450219
-0.970248450219
-0.996138793382
-0.989045432714
-0.60347449804
-0.985271690808
-0.970248450219
-0.970248450219
-1.02577780112
-0.978128171693
-0.960277638979
-0.970248450219
-0.970248450219
-0.970248450219
-0.976054797596
-0.978128171693
-0.970248450219
-0.970248450219
-0.970248450219
-0.98098889179
-0.970248450219
-0.970248450219
-0.972822776534
-0.978128171693
-0.970248450219
-0.965185815519
-0.980638512583
-0.814835902677
-0.970248450219
-0.970248450219
-0.970248450219
-0.970248450219
-0.970248450219
-0.945682802614
-0.970248450219
-0.907953967374
-0.849445358082
-0.961385770929
-0.85308871291
-0.970248450219
-0.970248450219
-0.889846384509
-0.96688643202
-0.970248450219
-0.970248450219
-0.978128171693
-0.970248450219
-0.373410166474
-0.970248450219
-0.978286160042
-0.970248450219
-0.978128171693
-0.817019363867
-0.970248450219
-0.970248450219
-0.970248450219
-0.970248450219
-0.758183035467
-0.89393226205
-0.964160455154
-0.980636440206
-0.926606204517
-0.970248450219
-0.951758523738
-0.970248450219
-0.978128171693
-0.970248450219
-0.970248450219
-0.970248450219
-0.970248450219
-0.931097181994
-0.93157544294
-0.955210242412
-0.970248450219
-0.970248450219
-0.968162318337
-0.954123777096
-0.961908972391
-0.973533906123
-0.143618210113
-0.970248450219
-0.970248450219
-0.970248450219
-0.926613094279
-0.970248450219
