0.945591714576
0.924941550721
0.945591714576
0.909510665741
0.205122460829
0.688380080396
0.937515758767
0.822554618272
0.945591714576
0.893707419336
0.0139307484149
0.945591714576
0.945591714576
0.945591714576
0.945591714576
0.926207351528
0.945591714576
0.896080112453
0.945591714576
0.945591714576
0.945591714576
0.945591714576
0.913778349252
0.840210090422
0.918413881557
0.618589456964
0.175029639599
0.893303168857
0.662277138949
0.945591714576
0.824942213158
0.945591714576
0.921482651576
0.945591714576
0.945591714576
0.945591714576
0.787717920022
0.837332791983
0.945591714576
0.945591714576
0.945591714576
0.931260415506
0.931260415506
0.945591714576
0.945591714576
0.945591714576
0.904892947474
0.945591714576
0.945591714576
0.911359614094
0.945591714576
0.925739279785
0.945591714576
0.945591714576
0.945591714576
0.945591714576
0.945591714576
0.945591714576
0.945591714576
0.945591714576
0.945591714576
0.904892947474
0.945591714576
0.911359614094
0.945591714576
0.944916493723
0.945591714576
0.945591714576
0.945591714576
0.945591714576
0.945591714576
0.931260415506
0.945591714576
0.916077241764
0.922182254378
0.945591714576
0.945591714576
0.945591714576
0.945591714576
0.948815143888
0.905577044976
0.945591714576
0.952797995636
0.945591714576
0.901000654501
0.948457602178
0.945591714576
0.945591714576
0.915843294799
0.887281838545
-0.165766797892
0.928155722366
0.92224150918
0.862646140037
0.870578659572
0.235065825415
0.165439803921
0.945591714576
0.688351332258
0.920242219662
0.952797995636
0.931260415506
0.944916493723
0.581360228406
0.928626705757
0.945591714576
0.821840225836
0.945591714576
0.943113940824
0.945591714576
0.717679276411
0.945591714576
0.945591714576
0.452585698303
0.925739279785
0.297693858333
0.945591714576
0.925739279785
0.931260415506
0.612544991582
0.356695885276
0.945261394642
0.912868240098
0.945591714576
0.393421055213
0.841694027172
0.945591714576
0.904892947474
0.945591714576
0.931260415506
0.577655734521
0.885808024277
0.945591714576
0.945591714576
0.945591714576
0.931260415506
0.945591714576
0.945591714576
0.945591714576
0.945591714576
0.800241420672
0.945591714576
0.559741910792
0.701100956981
0.910212767591
0.945591714576
0.859300007759
0.825294250181
0.945591714576
0.945591714576
0.945591714576
0.899552457618
0.917643394647
0.779626845417
0.916077241764
0.945591714576
0.945591714576
0.640077701062
0.931260415506
0.92233092165
0.945591714576
0.945591714576
0.945591714576
0.938440802579
0.931260415506
0.945591714576
0.945591714576
0.945591714576
0.879793806853
0.945591714576
0.945591714576
0.8995028071
0.931260415506
0.945591714576
0.919760245339
0.770495710907
0.809996619159
0.945591714576
0.945591714576
0.945591714576
0.945591714576
0.945591714576
0.88965224708
0.945591714576
0.902316975302
0.864366364106
0.924304830187
0.876066619984
0.945591714576
0.945591714576
0.849981091011
0.942659317064
0.945591714576
0.945591714576
0.931260415506
0.945591714576
0.406097796706
0.945591714576
0.930576780084
0.945591714576
0.931260415506
0.847806534589
0.945591714576
0.945591714576
0.945591714576
0.945591714576
0.789679403398
0.593451605651
0.940239980631
0.923175301724
0.932143326703
0.945591714576
0.915997459045
0.945591714576
0.931260415506
0.945591714576
0.945591714576
0.945591714576
0.945591714576
0.88913614158
0.931820598926
0.929175815329
0.945591714576
0.945591714576
0.952797995636
0.871956891293
0.871553007239
0.940694703067
0.371954576396
0.945591714576
0.945591714576
0.945591714576
0.76843858807
0.945591714576
