-0.727343085289
-0.847204536826
-0.727343085289
-0.848137824745
-0.84681068393
-0.807152053175
-0.840257888455
-0.880580703331
-0.738608175348
-0.837871148242
-0.84681122645
-0.845668081982
-0.727343085289
-0.727343085289
-0.727343085289
-0.84681122645
-0.844865887509
-0.998236336067
-0.727343085289
-0.84681122646
-0.727343085289
-0.727343085289
-0.846348538667
-0.799306482351
-0.908995628736
-0.84681125341
-0.84681068393
-0.998236336067
-0.849172031592
-0.727343085289
-0.799306482351
-0.84681122645
-0.78377269911
-0.727343085289
-0.727343085289
-0.727343085289
-0.84681122645
-0.846811226649
-0.727343085289
-0.924056577636
0.254677043975
-0.24823393422
1.24801365131
-0.846781559787
-0.504921526418
0.172218704204
0.188651328385
0.469684528884
0.40886582203
-0.276657220502
-0.84681122645
0.589100916076
1.03976718181
0.823147074582
-0.0614018274775
-0.84681122645
-0.519540453586
-0.484735533561
-0.834445364652
-0.74425468111
-0.601169818295
0.188651328385
0.469684528884
-0.838906970739
0.823147074582
0.549318117785
0.70773656323
0.746966201978
1.00036650771
-0.312168020081
-0.248143788924
0.113196614028
0.0824260357506
-0.618130502955
-0.721292792183
-0.270007423218
-0.484735533561
-0.405832036548
-0.570946235906
-0.435341267677
-0.105499548704
-0.84681122645
-0.84681122645
0.193324051038
-0.846811227159
-0.846811226453
-0.84681122645
-0.907421142517
-0.942665880606
-0.902236934982
-0.846811198261
-0.84681122645
-0.84681122645
-0.84681122645
-0.958770429408
-0.84787649318
-0.846811240318
-0.841634635547
-0.84681122645
-0.846811236591
-0.84681122645
-0.899324923759
-0.0065395632939
-0.84681832726
-0.84681122645
-0.792249972854
-0.847178931675
-0.820406299645
-0.846811226523
-1.04473659863
-0.84681122645
-0.84681122645
-0.350078079068
-0.846810677575
-0.84681122645
-0.847729450086
-0.917677846478
-0.84681122645
-0.721732080421
-0.84681122645
-0.84681122645
-0.846811202031
-0.878204457237
-0.727343085289
-0.846811226359
-0.84681122645
-0.843867687265
-0.99143608855
-0.883543418296
-0.85109820693
-0.846814674311
-0.622839431118
-0.84681122645
-0.939999291562
-0.163432815754
-0.847975345679
-0.192764350719
-0.303260629615
-0.116083814427
-0.945556634292
-0.913659217264
-0.874438349864
-0.846811244717
-0.817933384742
-0.0503711954732
-0.846811219987
-0.573331880966
-0.851690066564
-0.851690066564
-1.05358350136
-0.968913281197
-0.433622258629
-0.99968522308
-0.847104564891
-0.687053839742
-0.842775065752
-0.846811283901
-0.883975570616
-0.441823130767
-1.01406872271
-0.806892522425
-0.831934486072
-0.851191250886
-0.846658534371
-0.849714360148
-0.84681122645
-0.84672479862
-0.944690454609
-0.84681122645
-0.849323145958
-0.84681122645
-0.847999007053
-0.897323763712
-0.870318222561
-0.846841127868
-0.836136332261
-0.846812196027
-0.835270767389
-0.847463031316
-0.84681122649
0.113145375521
-0.116981534323
-0.846477800499
-0.938581731285
-0.922871840961
-0.866431897171
-0.873622726661
-0.846810550107
-0.878893838138
-0.84681122645
-0.933635940215
-0.77658597877
-0.835802106155
-0.595444240256
-0.846811268534
-0.850571385174
-0.84681122645
-0.937828689595
-0.86174933936
-0.519505568928
-0.846819494666
-0.983883888943
-0.930962873304
-1.02191673691
-0.846811226685
-0.560489471
-0.846812346518
-0.851172839341
-0.836752908613
-0.291896835958
-0.749049745479
-0.787767531978
-0.847331829281
-0.812552719627
-0.977969663516
-0.789661765077
-0.847275683212
-0.846811295896
-1.09760915755
-0.842249228507
-0.685266019857
-0.84681122645
-0.847005166391
-0.914374545108
-0.587937730978
-0.844070463545
-1.01363590439
-0.84681122645
-0.846811423768
-0.898613993217
-0.858321287889
-0.919812787183
-0.84679279019
-0.545648920747
