-1.24390687474
-0.683423433121
-1.24390687474
-0.683039386872
-0.666043611155
-0.974756990268
-0.598810353773
-0.712034732777
-0.709691531916
-0.733360945578
-0.682587475292
-0.685373106746
-1.24390687474
-1.24390687474
-1.24390687474
-0.682587475292
-0.741788795937
-0.808652510041
-1.24390687474
-0.682405299568
-1.24390687474
-1.24390687474
-0.684763599097
-0.761432674056
-0.779492539648
-0.682587494625
-0.666043611155
-0.808652510041
-0.683901376122
-1.24390687474
-0.761432674056
-0.682587475292
-0.777289472094
-1.24390687474
-1.24390687474
-1.24390687474
-0.682587475292
-0.682587475578
-1.24390687474
-1.19994521525
-0.995686393536
-1.03964140633
-0.990821462839
-0.682592625956
-1.24143511125
-1.13751916686
-1.1532813248
-1.00901706206
-1.17035004199
-1.022015617
-0.682587475292
-0.927314988766
-0.99156262453
-1.09973533507
-1.15505004522
-0.682587475292
-1.25289007604
-1.23872840379
-0.791989758385
-1.18051551047
-1.20432840127
-1.1532813248
-1.00901706206
-0.682788997035
-1.09973533507
-1.03194166282
-1.02262436999
-0.976387938486
-1.01128363068
-1.19566726288
-1.19889977013
-1.1074823994
-1.21940997572
-1.14673229299
-1.02089571602
-1.21814831495
-1.23872840379
-1.23714898423
-1.19179537645
-1.25110249645
-0.820694357994
-0.682587475292
-0.682587475293
-0.989674008645
-0.682579849377
-0.682587475297
-0.682587475292
-0.922449915248
-1.1847275445
-1.26598920896
-0.682587456319
-0.682587475292
-0.682587475292
-0.682587475292
-0.773519331831
-0.683001500109
-0.682587504208
-0.68328382264
-0.682587475292
-0.671100583687
-0.682587475292
-0.826839912865
-0.923306808367
-0.682601981377
-0.682587475292
-0.807819022501
-0.683069004792
-0.682477355542
-0.68258732511
-0.844560677866
-0.682587475292
-0.682587475292
-0.855782998158
-0.68258750744
-0.682587475292
-0.68445987793
-0.82475628249
-0.682587475292
-0.747476050136
-0.682587475292
-0.682587475292
-0.682587475845
-0.718059582298
-1.24390687474
-0.682587475292
-0.682587475292
1.00029548967
-1.10214099547
-1.02391341431
-1.03250452942
-0.682567962844
-0.731802559243
-0.682587475292
-1.20986934468
-0.776549558176
-1.19262115056
-0.760969728697
-0.745339417654
-0.829240605432
-1.09861197288
-1.04422397935
-0.834464248498
-0.682585074238
-0.82816605007
-0.896697863613
-0.6825874754
-0.964930911464
-0.698156190648
-0.698156190648
-1.13291477316
-1.04444000446
-1.17729619155
-0.962082184976
-0.684253197844
-0.971625645186
-0.695488293893
-0.682587591234
-0.730813545443
-0.861319509483
-1.18815261166
-0.705344736852
-0.659716376941
-0.679196456578
-0.68355075255
-0.687543954713
-0.682587475292
-0.682658356782
-1.06857073249
-0.682587475292
-0.684167256751
-0.682587475292
-0.684690611868
-0.805985155282
-0.700102586097
-0.682647572235
-0.59699389196
-0.68258800731
-0.684198335831
-0.68265155176
-0.682587475376
-0.839883222166
-0.878882355808
-0.689696369425
-1.201517529
-0.956960419685
-0.778609046842
-1.15914809701
-0.682587496018
-0.693194069553
-0.682587475292
-1.06599505661
-1.04979816503
-0.693151524388
-0.93753484943
-0.682546492921
-0.688316043377
-0.682587475292
-0.860663609357
-0.701995948082
-1.09881627448
-0.682501424609
-0.959438573348
-0.787548646676
-1.06082557986
-0.682587475439
-0.760296097988
-0.682588525746
-0.700169704221
-1.01995973579
-1.17753159111
-1.23813880184
-1.0545310235
-0.684309643693
-0.727105657571
-0.791486600303
-0.691492369589
-0.682727415214
-0.682587612647
-1.12698259604
-0.789064296053
-0.858503664859
-0.682587475292
-0.693002774217
-0.711243597607
-1.20177680625
-0.688723728935
-1.02596048095
-0.682587475292
-0.682587619582
-0.824543641171
-0.689514829082
-0.757148733304
-0.682732257582
-0.800455315094
