-0.955496978932
-0.968758841635
-0.955496978932
-0.950445409835
-0.859998205972
-0.791029018077
-0.954762658068
-0.810339878212
-0.955496978932
-0.966151051405
-0.329385175448
-0.955496978932
-0.955496978932
-0.955496978932
-0.955496978932
-0.930953797127
-0.955496978932
-0.970636593814
-0.955496978932
-0.955496978932
-0.955496978932
-0.955496978932
-0.960954717955
-0.976706506936
-0.965287180428
-0.731159573288
-0.882802306123
-0.961211736465
-0.716812698254
-0.955496978932
-0.985654495396
-0.955496978932
-0.887955515091
-0.955496978932
-0.955496978932
-0.955496978932
-0.869072132603
-0.85068417511
-0.955496978932
-0.955496978932
-0.955496978932
-0.954957435189
-0.954957435189
-0.955496978932
-0.955496978932
-0.955496978932
-0.960193332013
-0.955496978932
-0.955496978932
-0.957484306493
-0.955496978932
-0.958101382581
-0.955496978932
-0.955496978932
-0.955496978932
-0.955496978932
-0.955496978932
-0.955496978932
-0.955496978932
-0.955496978932
-0.955496978932
-0.960193332013
-0.955496978932
-0.957484306493
-0.955496978932
-0.94961810207
-0.955496978932
-0.955496978932
-0.955496978932
-0.955496978932
-0.955496978932
-0.954957435189
-0.955496978932
-0.953859172389
-0.9730097046
-0.955496978932
-0.955496978932
-0.955496978932
-0.955496978932
-0.952648661796
-0.962933423909
-0.955496978932
-0.954927242206
-0.955496978932
-0.932567552254
-0.941256484189
-0.955496978932
-0.955496978932
-0.96498044803
-0.939237429708
0.231721219947
-0.926539458607
-0.952235210415
-0.889168721398
-0.933443861114
-0.124748274019
-0.0935044415021
-0.955496978932
-0.689471279131
-0.935547971808
-0.954927242206
-0.954957435189
-0.94961810207
-0.57647008873
-0.953491591161
-0.955496978932
-0.796608969832
-0.955496978932
-0.946300927197
-0.955496978932
-0.767316079844
-0.955496978932
-0.955496978932
-0.734096203739
-0.958101382581
-0.305346968552
-0.955496978932
-0.958101382581
-0.954957435189
-0.75524492155
-0.871400843563
-0.953208916368
-0.955247601687
-0.955496978932
-0.238203667999
-0.861154782123
-0.955496978932
-0.960193332013
-0.955496978932
-0.954957435189
-0.890968674195
-0.930759229092
-0.955496978932
-0.955496978932
-0.955496978932
-0.954957435189
-0.955496978932
-0.955496978932
-0.955496978932
-0.955496978932
-0.945031793711
-0.955496978932
-0.52784038176
-0.791293716968
-0.883494259329
-0.955496978932
-0.85776181805
-0.971687614663
-0.955496978932
-0.955496978932
-0.955496978932
-0.964616303572
-0.957343569863
-0.769181409356
-0.953859172389
-0.955496978932
-0.955496978932
-0.900965666899
-0.954957435189
-0.92147996975
-0.955496978932
-0.955496978932
-0.955496978932
-0.954386382024
-0.954957435189
-0.955496978932
-0.955496978932
-0.955496978932
-0.87714359839
-0.955496978932
-0.955496978932
-0.93895423637
-0.954957435189
-0.955496978932
-0.963293729771
-0.935800892677
-0.962750741463
-0.955496978932
-0.955496978932
-0.955496978932
-0.955496978932
-0.955496978932
-0.945677911553
-0.955496978932
-0.977717694953
-0.941128346236
-0.931079766208
-0.87524130201
-0.955496978932
-0.955496978932
-0.808905088803
-0.940263592489
-0.955496978932
-0.955496978932
-0.954957435189
-0.955496978932
-0.745815302821
-0.955496978932
-0.949032158163
-0.955496978932
-0.954957435189
-0.892053326359
-0.955496978932
-0.955496978932
-0.955496978932
-0.955496978932
-1.0036786867
-0.982725672162
-0.959936028849
-0.954203517124
-0.968178440125
-0.955496978932
-0.966293988075
-0.955496978932
-0.954957435189
-0.955496978932
-0.955496978932
-0.955496978932
-0.955496978932
-0.954716118973
-0.914889346855
-0.959897558992
-0.955496978932
-0.955496978932
-0.954927242206
-0.943757535473
-0.901614305324
-0.959382855105
-0.326940355285
-0.955496978932
-0.955496978932
-0.955496978932
-0.852327425851
-0.955496978932
